{
  "accessors": [
    {
      "bufferView": 2,
      "componentType": 5126,
      "count": 1269,
      "max": [
        6.427783966064453,
        1.0625128746032715,
        1.4261385202407837
      ],
      "min": [
        -6.148931980133057,
        -0.5392184853553772,
        -1.4261385202407837
      ],
      "type": "VEC3"
    },
    {
      "bufferView": 2,
      "byteOffset": 15228,
      "componentType": 5126,
      "count": 1269,
      "max": [
        0.9996386170387268,
        1.0,
        1.0
      ],
      "min": [
        -0.9060239791870117,
        -1.0,
        -1.0
      ],
      "type": "VEC3"
    },
    {
      "bufferView": 1,
      "componentType": 5126,
      "count": 1269,
      "max": [
        0.875,
        1.0
      ],
      "min": [
        0.125,
        0.0
      ],
      "type": "VEC2"
    },
    {
      "bufferView": 0,
      "componentType": 5125,
      "count": 5094,
      "type": "SCALAR"
    },
    {
      "bufferView": 2,
      "byteOffset": 30456,
      "componentType": 5126,
      "count": 613,
      "max": [
        5.736949920654297,
        0.03940051794052124,
        0.32178425788879395
      ],
      "min": [
        2.195814609527588,
        -0.535320520401001,
        -0.32178425788879395
      ],
      "type": "VEC3"
    },
    {
      "bufferView": 2,
      "byteOffset": 37812,
      "componentType": 5126,
      "count": 613,
      "max": [
        1.0,
        0.9999855160713196,
        0.9999997615814209
      ],
      "min": [
        -1.0,
        -1.0,
        -0.9999997615814209
      ],
      "type": "VEC3"
    },
    {
      "bufferView": 1,
      "byteOffset": 10152,
      "componentType": 5126,
      "count": 613,
      "max": [
        0.875,
        1.0
      ],
      "min": [
        0.125,
        0.0
      ],
      "type": "VEC2"
    },
    {
      "bufferView": 0,
      "byteOffset": 20376,
      "componentType": 5125,
      "count": 2784,
      "type": "SCALAR"
    },
    {
      "bufferView": 2,
      "byteOffset": 45168,
      "componentType": 5126,
      "count": 167,
      "max": [
        3.0322482585906982,
        -0.2013741433620453,
        0.11677480489015579
      ],
      "min": [
        2.798698663711548,
        -0.34200939536094666,
        -0.11677480489015579
      ],
      "type": "VEC3"
    },
    {
      "bufferView": 2,
      "byteOffset": 47172,
      "componentType": 5126,
      "count": 167,
      "max": [
        1.0,
        1.0,
        1.0
      ],
      "min": [
        -1.0,
        -1.0,
        -1.0
      ],
      "type": "VEC3"
    },
    {
      "bufferView": 1,
      "byteOffset": 15056,
      "componentType": 5126,
      "count": 167,
      "max": [
        0.875,
        1.0
      ],
      "min": [
        0.125,
        -7.450580596923828e-08
      ],
      "type": "VEC2"
    },
    {
      "bufferView": 0,
      "byteOffset": 31512,
      "componentType": 5125,
      "count": 438,
      "type": "SCALAR"
    },
    {
      "bufferView": 2,
      "byteOffset": 49176,
      "componentType": 5126,
      "count": 167,
      "max": [
        3.0322482585906982,
        -0.2013741433620453,
        0.11677480489015579
      ],
      "min": [
        2.798698663711548,
        -0.34200939536094666,
        -0.11677480489015579
      ],
      "type": "VEC3"
    },
    {
      "bufferView": 2,
      "byteOffset": 51180,
      "componentType": 5126,
      "count": 167,
      "max": [
        1.0,
        1.0,
        1.0
      ],
      "min": [
        -1.0,
        -1.0,
        -1.0
      ],
      "type": "VEC3"
    },
    {
      "bufferView": 1,
      "byteOffset": 16392,
      "componentType": 5126,
      "count": 167,
      "max": [
        0.875,
        1.0
      ],
      "min": [
        0.125,
        -7.450580596923828e-08
      ],
      "type": "VEC2"
    },
    {
      "bufferView": 0,
      "byteOffset": 33264,
      "componentType": 5125,
      "count": 438,
      "type": "SCALAR"
    }
  ],
  "asset": {
    "extras": {
      "author": "Matthew (https://sketchfab.com/matthewwsu)",
      "license": "CC-BY-4.0 (http://creativecommons.org/licenses/by/4.0/)",
      "source": "https://sketchfab.com/3d-models/spatula-19e30338a2524d7ea38ea6f1226bd6f2",
      "title": "Spatula"
    },
    "generator": "Sketchfab-12.65.0",
    "version": "2.0"
  },
  "bufferViews": [
    {
      "buffer": 0,
      "byteLength": 35016,
      "name": "floatBufferViews",
      "target": 34963
    },
    {
      "buffer": 0,
      "byteLength": 17728,
      "byteOffset": 35016,
      "byteStride": 8,
      "name": "floatBufferViews",
      "target": 34962
    },
    {
      "buffer": 0,
      "byteLength": 53184,
      "byteOffset": 52744,
      "byteStride": 12,
      "name": "floatBufferViews",
      "target": 34962
    }
  ],
  "buffers": [
    {
      "byteLength": 105928,
      "uri": "scene.bin"
    }
  ],
  "materials": [
    {
      "doubleSided": true,
      "name": "Metal",
      "pbrMetallicRoughness": {
        "roughnessFactor": 0.25
      }
    },
    {
      "doubleSided": true,
      "name": "Rubber_Handle1",
      "pbrMetallicRoughness": {
        "baseColorFactor": [
          0.4429355210657539,
          0.05678179168341329,
          0.05678179168341329,
          1.0
        ],
        "metallicFactor": 0.0,
        "roughnessFactor": 0.6
      }
    }
  ],
  "meshes": [
    {
      "name": "Body_Metal_0",
      "primitives": [
        {
          "attributes": {
            "NORMAL": 1,
            "POSITION": 0,
            "TEXCOORD_0": 2
          },
          "indices": 3,
          "material": 0,
          "mode": 4
        }
      ]
    },
    {
      "name": "Rubber_Handle_Rubber_Handle1_0",
      "primitives": [
        {
          "attributes": {
            "NORMAL": 5,
            "POSITION": 4,
            "TEXCOORD_0": 6
          },
          "indices": 7,
          "material": 1,
          "mode": 4
        }
      ]
    },
    {
      "name": "Screw_Metal_0",
      "primitives": [
        {
          "attributes": {
            "NORMAL": 9,
            "POSITION": 8,
            "TEXCOORD_0": 10
          },
          "indices": 11,
          "material": 0,
          "mode": 4
        }
      ]
    },
    {
      "name": "Screw1_Metal_0",
      "primitives": [
        {
          "attributes": {
            "NORMAL": 13,
            "POSITION": 12,
            "TEXCOORD_0": 14
          },
          "indices": 15,
          "material": 0,
          "mode": 4
        }
      ]
    }
  ],
  "nodes": [
    {
      "children": [
        1
      ],
      "matrix": [
        1.0,
        1.6081226229577292e-16,
        3.5707495248565405e-32,
        0.0,
        0.0,
        2.220446049250313e-16,
        -1.0,
        0.0,
        -1.6081226229577292e-16,
        1.0,
        2.220446049250313e-16,
        0.0,
        0.015585208311676979,
        0.25157997012138367,
        -0.0002397182252024673,
        1.0
      ],
      "name": "Sketchfab_model"
    },
    {
      "children": [
        2
      ],
      "matrix": [
        1.0,
        0.0,
        0.0,
        0.0,
        0.0,
        0.0,
        1.0,
        0.0,
        0.0,
        -1.0,
        0.0,
        0.0,
        0.0,
        0.0,
        0.0,
        1.0
      ],
      "name": "fea408ee12574e5bad481e742a2e744b.fbx"
    },
    {
      "children": [
        3
      ],
      "name": "RootNode"
    },
    {
      "children": [
        4,
        6,
        8,
        10
      ],
      "matrix": [
        0.9995687971122995,
        -0.029363571409119743,
        -2.2662127656707414e-05,
        0.0,
        0.029363557109991473,
        0.9995686818743988,
        -0.00048138313763530744,
        0.0,
        3.678748120738486e-05,
        0.00048051012315658716,
        0.9999998838783446,
        0.0,
        -0.002248388947919011,
        -0.06034030020236969,
        3.151074565721501e-07,
        1.0
      ],
      "name": "Spatula"
    },
    {
      "children": [
        5
      ],
      "matrix": [
        1.0,
        8.219702018745562e-18,
        3.3881317890172014e-21,
        0.0,
        -8.219702018745562e-18,
        1.0,
        0.0,
        0.0,
        -3.3881317890172014e-21,
        -2.78494337059607e-38,
        1.0,
        0.0,
        0.0,
        0.0,
        0.0,
        1.0
      ],
      "name": "Body"
    },
    {
      "mesh": 0,
      "name": "Body_Metal_0"
    },
    {
      "children": [
        7
      ],
      "matrix": [
        0.9991497650249733,
        0.04122798867930196,
        -6.776263578034403e-21,
        0.0,
        -0.04122798867930196,
        0.9991497650249733,
        -5.421010862427523e-20,
        0.0,
        4.53552841707501e-21,
        5.444338901200605e-20,
        1.0,
        0.0,
        -2.8021637263009325e-05,
        0.031672313809394836,
        0.0,
        1.0
      ],
      "name": "Rubber_Handle"
    },
    {
      "mesh": 1,
      "name": "Rubber_Handle_Rubber_Handle1_0"
    },
    {
      "children": [
        9
      ],
      "matrix": [
        0.9991497650249733,
        0.04122798867930196,
        -6.776263578034403e-21,
        0.0,
        -0.04122798867930196,
        0.9991497650249733,
        -5.421010862427523e-20,
        0.0,
        4.53552841707501e-21,
        5.444338901200605e-20,
        1.0,
        0.0,
        -2.8021637263009325e-05,
        0.031672313809394836,
        0.0,
        1.0
      ],
      "name": "Screw"
    },
    {
      "mesh": 2,
      "name": "Screw_Metal_0"
    },
    {
      "children": [
        11
      ],
      "matrix": [
        0.9991497650249733,
        0.04122798867930196,
        -6.776263578034403e-21,
        0.0,
        -0.04122798867930196,
        0.9991497650249733,
        -5.421010862427523e-20,
        0.0,
        4.53552841707501e-21,
        5.444338901200605e-20,
        1.0,
        0.0,
        2.13685941696167,
        0.06548625975847244,
        0.0,
        1.0
      ],
      "name": "Screw1"
    },
    {
      "mesh": 3,
      "name": "Screw1_Metal_0"
    }
  ],
  "scene": 0,
  "scenes": [
    {
      "name": "Sketchfab_Scene",
      "nodes": [
        0
      ]
    }
  ]
}
